5.366563145999276e-05
7.60263112349913e-05
0.00039354796403996554
0.00012074767078498682
0.00014310835055998536
0.0005321841786449484
0.0010777847651548998
0.001247725931444883
7.155417527999345e-05
0.0006305711696549414
0.0006618761213399418
0.0005053513629149552
0.0006797646651599331
0.0007244860247099303
0.0002370232056149789
0.0021824023460397988
0.010988038041433957
0.0027861406999647436
0.0026072552617647554
0.003412239733664684
0.0005500727224649522
0.001757549430314842
0.0007736795202149313
0.0029381933224347204
0.0001431083505599807
0.0006618761213399294
0.0019766840921098174
0.0008184008797649222
0.000321993788759969
0.0008184008797649222
0.0011940602999848777
0.0026519766213147712
0.0008631222393149379
0.0009525649584149196
0.0032736035190596767
0.00029068883707496543
0.0027280029325497408
0.002303150016824778
0.0017888543819998333
0.00295160973029972
0.0016457460314398278
0.00039354796403995936
0.000590321946059939
0.0008810107831349293
0.0005679612662849436
0.002531228950529761
0.0011672274842548908
0.006131298394304423
0.004311139060619586
0.005518615768469489
0.0036716236190546523
0.006435403639244401
0.008412087731354205
0.000912315734819908
0.004735991976344549
